26263717
26231630
26221442
26221437
26217450
26217449
26217435
26217429
26217427
26217426
26217425
26217424
26211108
26164956
26152043
26148366
26108755
26102045
26079455
26065204
26055850
26037430
26034166
26016300
26001689
25966540
25959177
25946931
25933015
25906509
25905925
25901874
25892584
25881651
25881647
25878310
25869377
25868779
25865740
25863731
25863495
25853688
25853686
25853685
25850322
25832976
25831909
25831669
25829159
25818980
25816684
25807674
25803184
25794058
25785682
25785678
25773484
25760956
25747349
25738805
25734593
25732989
25731136
25728558
25705970
25703163
25696799
25694288
25693991
25692563
25679026
25674910
25672177
25672173
25668088
25653331
25646203
25643470
25635889
25626230
25624055
25620358
25617944
25616272
25614947
25609761
25588887
25583687
25579211
25571933
25565491
25565263
25565037
25559990
25555005
25551857
25551856
25551855
25551133
25550223
25548997
25545577
25545576
25545574
25545573
25543016
25542938
25539516
25539305
25534271
25533194
25528934
25522768
25522700
25518103
25517701
25516905
25509965
25506290
25497438
25493155
25490330
25490329
25490328
25490327
25488720
25480988
25471922
25471921
25470312
25470310
25467305
25466380
25464950
25454959
25454958
25454957
25441261
25439258
25439248
25433816
25430640
25429724
25427519
25426738
25425408
25425378
25424637
25420988
25420984
25420983
25420980
25420979
25420977
25420976
25417985
25417980
25417979
25417976
25416434
25415821
25413915
25413912
25413909
25407054
25406608
25406604
25404502
25398312
25395353
25393027
25387484
25384816
25377415
25373314
25371083
25368721
25367224
25365619
25365195
25358209
25357143
25354074
25354070
25352673
25342498
25341304
25341229
25341228
25341227
25341225
25341218
25341210
25341205
25337724
25335560
25335528
25333713
25331443
25329519
25328611
25326986
25325209
25324329
25324323
25318114
25318036
25318026
25311429
25311038
25307636
25307635
25307633
25307632
25306897
25304386
25301787
25298311
25291039
25290494
25287801
25283619
25282772
25282135
25282134
25280918
25277827
25277126
25275281
25275280
25275278
25268395
25257981
25250746
25250744
25245300
25241704
25241503
25241156
25239410
25238971
25231563
25231505
25229682
25226119
25223221
25223165
25219931
25217693
25217287
25215908
25212932
25207827
25200020
25200018
25200016
25192794
25191139
25190085
25189276
25187595
25187281
25186816
25180286
25169797
25168998
25168714
25168713
25167930
25167213
25164165
25163041
25160296
25158713
25156904
25155021
25154410
25150546
25149888
25149832
25144952
25140528
25135524
25129398
25126971
25125275
25119553
25109917
25109351
25108983
25108705
25107640
25105401
25099839
25099239
25099238
25096177
25093382
25090919
25081395
25079924
25078936
25078923
25078706
25075439
25074035
25073712
25073659
25073019
25072915
25072750
25072590
25072589
25072585
25072584
25072582
25072581
25072579
25072578
25072576
25072575
25072574
25072572
25072570
25072569
25072563
25072558
25072531
25072412
25072306
25072235
25068915
25065339
25059834
25058543
25056855
25054418
25054414
25053377
25052271
25047770
25043503
25042064
25041665
25041663
25040361
25039733
25039732
25039555
25036584
25036583
25034411
25031559
25027511
25026947
25025941
25017838
25017028
25016304
25012607
25011036
25010243
25010242
25010239
25010232
25010231
25008553
25006705
24998110
24996059
24990004
24988840
24988425
24988424
24988421
24987784
24986991
24981656
24979283
24979171
24977677
24975923
24975860
24974564
24974336
24969673
24968766
24965698
24965585
24965519
24959393
24958795
24958744
24953270
24952736
24950072
24945558
24945179
24940863
24937970
24937510
24935221
24934943
24934941
24934171
24931596
24928576
24928162
24926647
24926081
24925893
24924583
24922608
24921396
24919002
24918762
24917101
24917096
24917094
24917092
24917091
24916615
24915479
24913428
24913210
24913004
24911303
24910567
24909533
24909528
24907703
24907549
24906848
24906612
24901774
24897992
24895986
24895314
24893516
24892402
24889654
24889571
24888763
24886098
24885865
24885740
24885442
24878156
24878101
24878020
24877855
24872123
24871245
24871239
24871238
24871232
24867554
24867551
24864609
24864460
24861543
24860265
24857843
24856121
24853196
24850024
24848401
24846122
24842513
24838675
24833567
24830871
24830212
24829020
24826857
24826853
24826851
24826847
24823487
24821353
24820188
24818539
24815526
24812334
24807438
24807437
24807435
24807433
24804919
24804917
24804914
24804911
24803205
24803108
24802916
24797860
24797857
24797845
24796354
24796237
24791104
24791099
24789481
24788423
24788420
24787527
24787526
24787521
24777574
24777563
24776878
24776876
24776864
24776858
24776573
24776559
24767706
24767266
24763716
24757895
24755276
24752363
24751976
24751675
24746993
24746952
24745615
24739532
24738550
24735264
24735262
24735238
24733873
24733725
24733299
24731433
24728313
24727621
24725294
24718035
24715126
24715125
24713540
24712933
24708782
24708150
24706567
24706544
24706527
24706369
24702555
24702554
24702549
24699837
24695247
24692303
24691891
24690457
24688088
24681844
24681183
24678683
24678606
24677469
24677335
24674275
24673146
24667507
24667505
24665068
24664609
24662200
24661666
24661014
24657015
24656663
24655727
24652641
24652640
24648365
24648361
24648271
24646957
24646826
24646440
24645878
24645788
24644779
24640825
24640454
24640137
24638231
24637164
24636494
24629252
24629247
24628768
24628758
24625933
24623645
24621288
24619915
24617779
24617325
24617296
24616425
24616198
24614796
24614793
24614293
24613778
24613400
24612521
24610864
24607871
24606627
24606624
24605718
24602710
24602703
24602581
24602579
24602578
24602577
24602305
24599211
24597736
24597660
24597625
24596276
24593808
24593270
24591484
24590734
24585847
24585469
24585467
24576191
24576027
24576025
24576024
24575995
24575160
24575159
24575158
24575156
24575153
24575152
24573628
24573591
24571695
24571614
24568589
24567869
24567656
24563898
24559532
24559504
24559305
24557513
24557109
24556780
24556777
24556776
24556772
24556769
24556764
24555833
24554223
24552529
24552145
24549524
24549121
24548773
24533849
24532742
24528466
24528463
24528402
24526150
24524209
24522414
24521972
24521703
24518616
24515563
24511776
24509105
24506310
24503245
24500594
24499869
24495251
24494405
24494351
24493566
24492156
24491186
24487723
24476167
24476166
24472281
24468025
24468023
24467685
24462031
24458016
24454580
24450027
24449530
24448055
24448054
24448045
24448042
24448041
24442546
24434025
24433979
24430590
24423796
24423103
24421251
24419819
24417939
24415504
24411537
24411512
24411432
24411430
24411425
24411423
24411422
24411420
24411418
24411416
24408278
24408058
24406555
24405914
24405352
24405347
24405344
24402983
24401923
24401922
24398735
24390312
24389782
24387964
24382808
24376259
24375847
24375323
24371337
24369868
24369866
24369762
24364595
24362390
24362388
24359012
24359001
24357119
24356425
24356263
24347416
24347191
24347156
24347099
24346991
24346388
24343145
24341587
24341578
24341577
24341576
24340418
24334202
24330121
24330118
24330117
24330116
24325150
24323998
24322763
24319037
24306391
24304706
24299734
24295273
24291905
24290920
24289459
24304077
24288048
24286960
24283104
24282447
24281644
24280861
24280857
24280843
24280839
24246112
24246111
24246101
24268701
24267861
24266732
24264936
24263326
24261916
24261271
24256088
24253364
24249485
24247229
24246623
24245652
24243966
24239531
24238684
24238024
24237649
24236796
24229730
24227747
24220723
24219518
24218464
24216023
24210670
24209645
24209643
24206156
24204072
24204061
24200737
24200732
24200727
24200726
24199272
24196552
24195696
24195688
24191080
24191078
24191076
24186911
24183774
24180647
24176771
24170449
24168817
24163016
24161440
24161228
24156397
24152570
24152354
24149135
24084310
24084307
24084303
24084301
24084299
24137959
24136696
24136695
24129870
24129869
24129868
24129789
24128795
24128642
24128640
24128635
24128632
24128631
24128626
24128621
24128617
24127920
24127650
24127344
24123909
24122744
24119351
24119275
24118650
24115695
24113518
24112202
24108533
24108257
24106107
24104208
24103240
24097098
24096918
24089315
24088329
24086732
24085290
24078367
24078365
24078363
24072367
24072133
24072126
24072107
24066719
24062818
24062816
24062813
24062811
24059401
24054832
24050749
24047029
24044191
24042436
24041713
24041162
24041101
24039224
24039220
24034906
24026367
24025540
24022984
24022941
24022410
24021471
24021470
24020944
24019184
24016367
24016166
24015731
24012290
24011747
24011647
24011023
24006908
24004439
24004029
24003833
24002924
24002047
23999630
23998869
23996055
23993252
23992194
25510102
23989055
23988684
23987729
23985579
23973187
23972275
23972196
23971890
23971889
23969368
23969367
23969360
23969356
23968325
23964589
23963306
23962578
23959807
23956319
23954987
23954736
23952468
23950632
23948953
23948747
23948519
23948496
23942397
23941678
23937810
23937062
23932670
23931736
23925753
23922307
23921134
23920820
23920581
23916273
23913911
23913453
23912374
23911833
23911027
23907836
23906167
23902318
23899919
23899900
23894178
23893940
23890938
23890580
23888907
23888474
23887019
23887017
23887014
23887000
23883396
23883367
23878069
23877035
23876703
23873897
23873226
23870835
23870779
23870501
23870304
23867427
23866397
23864083
23864049
23863327
23859588
23858980
23852828
23851758
23848440
23848332
23848329
23848324
23846519
23845865
23843028
23842504
23840073
23837431
23837422
23835586
23834573
23834567
23833161
23831876
23830041
23826190
23824876
23824344
23823955
23823675
23823669
23823666
23823632
23823595
23823593
23823590
23823380
23823057
23822957
23816005
23813919
23810181
23809964
23808527
25226746
23807112
23807109
23807108
23807107
23807106
23807102
23807096
23806818
23801072
23801053
23799440
23797942
23796056
23795740
23793124
23793089
23791905
23787385
23787005
23782561
23782051
23782049
23781887
23775909
23773830
23770063
23768922
23760579
23760556
23758796
23758077
23756658
23752037
23750768
23749442
23746159
23743941
23743939
23739387
23738338
23737923
23737920
23737919
23737918
23736749
23734361
23733556
23732409
23725942
23725938
23723119
23721935
23715944
23713110
23711403
23706695
23706361
23702529
23702517
23697488
23697487
23692231
23686760
23684367
23684144
23683985
23683340
23681866
23681865
23681148
23680743
23678972
23677406
23677228
23676970
23676875
23676874
23673566
23672997
23668361
23665155
23664964
23662877
23657694
23656677
23656443
23652297
23651927
23651869
23650104
23650081
23642894
23642100
23642040
23639687
23639275
23636108
23633673
23633266
23633232
23632929
23631776
23631409
23631405
23624640
23623707
23621147
23620971
23619079
23619078
23619069
23619061
23619060
23618445
23618444
23618441
23617894
23617840
23617320
23615960
23610794
23608956
23607497
23600668
23581891
23597252
23597240
23596029
23595933
23595932
23595928
23595927
23595926
23594871
23594455
23592241
23590423
23590128
23588563
23585553
23585153
23581400
23578659
23575242
23575059
23574062
23570291
23561054
23559018
23557413
23554271
23551542
23550459
23548310
23545034
23545029
23542982
23537248
23536433
23535939
23535131
23533087
23532612
23531757
23530680
23530679
23530677
23529771
23529201
23527865
23498305
23524933
23524924
23523022
23521845
23521184
23519945
23517267
23516703
23516696
23512367
23510461
23508971
23506562
23499389
23498993
23498579
23497747
23497243
23495466
23494202
23494054
23489769
23489452
23488758
23488757
23485754
23481073
23480820
23480112
23480109
23478092
23477228
23475328
23475240
23472496
23470808
23469935
23467720
23467657
23467581
23467440
23464896
23464893
23464600
23463428
23463427
23462491
23461723
23459398
23457359
23453056
23452480
23449846
23444890
23444888
23444886
23444007
23443075
23439901
23439200
23436144
23436001
23434964
23433941
23433217
23433202
23431854
23427968
23425981
23425980
23425979
23425663
23425119
23418245
23417846
23415342
23415213
23414954
23414220
23414074
23413414
23408507
23407132
23401203
23400170
23398015
23398013
23398012
23395060
23395059
23394453
23388423
23387441
23383755
23378080
23373123
23372272
23364501
23364415
23364091
23363401
23362855
23360484
23360483
23359582
23358796
23354647
23354646
23351574
23351509
23349122
23348095
23348089
23348081
23347221
23345342
23343741
23342406
23338865
23338735
23338535
23337678
23337677
23337673
23336969
23334965
23334962
23332254
23331981
23331798
23327646
23327562
23325521
23325404
23324412
23323659
23323651
23322682
23321961
23317591
23316888
23311486
23311480
23304426
23302149
23300600
23299051
23297277
23294744
23294743
23294738
23294736
23288471
23286726
23286634
23286631
23286628
23286625
23286624
23286623
23286619
23286617
23282605
23281880
23281313
23281187
23280533
23280529
23280528
23279249
23279248
23279246
23279243
23279242
23278830
23278827
23278826
23278824
23278823
23278822
23278413
23278269
23274099
25643480
25098069
24616955
23269305
23269304
23269302
23269297
23269293
23259962
23259817
23259609
23255966
23255963
23255962
23255960
23255646
23254717
23252424
23252401
23252365
23248838
23246024
23240922
23237659
23237477
23233478
23232129
23228108
23224397
23223778
23223661
23222545
23216093
23213067
23212811
23212713
23212502
23212498
23205762
23204205
23204199
23204195
23196536
23196506
23188243
23183164
23182732
23178923
23173770
23171263
23171261
23165281
23165176
23165175
23157496
23156118
23156067
23153359
23148003
23145410
23141117
23141034
23139411
23138247
23138127
23137250
23137237
23134815
23128327
23126332
23126242
23117347
23116528
23114446
23113739
23113382
23111206
23111053
23111052
23111046
23111045
23111042
23110637
23110606
23107609
23104548
23102160
23102105
23102104
23102023
23099603
23095929
23095925
23095920
23093395
23092415
23088359
23086398
23084867
23078683
23072067
23069864
23064934
23061078
23058143
23057635
23057386
23055466
23053873
23053868
23043994
23043468
23042914
23040675
23040454
23030786
23029868
23029863
23029859
23029852
23029272
23027153
23027152
23027113
23026782
23025965
23020896
23018339
23018330
23018327
23015386
23009729
23009713
23008083
22994866
22994475
22994470
22994469
22994464
22994462
22989999
22989135
22989130
22989128
22985915
22985793
22984092
22983019
22982923
22981344
22980104
22971866
22967860
22967184
22966890
22965869
22965367
22964271
22963298
22961064
22958990
22957836
22956452
22944324
22943517
22941129
22939544
22938688
22938679
22938675
22937544
22936486
22936235
22935603
22934588
22934583
22933486
22931147
22930879
22930425
22930117
22929490
22927717
22925960
22925493
22923383
22916084
22916082
22916081
22913519
22912348
22910165
22910152
22907606
22906248
22906234
22906156
22905665
22905663
22905661
22905657
22905655
22901725
22899567
22895406
22891910
22891514
22891094
22890685
22884535
22882872
22880252
22878596
22878148
22875316
22874339
22870754
22869250
22869249
22869245
22867022
22866346
22864158
22864076
22864074
22864073
22864072
22859630
22855018
22854702
22851809
22851304
22849730
22849549
22845662
22841320
22836845
22836841
22836839
22836105
22830323
22830322
22830320
22827991
22827985
22826011
22824937
22818268
22816980
22808890
22803757
22802597
22797037
22796085
22794310
22789777
22788677
22787934
22786735
22786539
22784406
22783775
22780433
22778541
22778540
22778346
22776403
22775791
22775785
22773288
22762873
22762254
22760894
22760720
22759848
22755367
22755348
22754276
22751822
22751821
22747781
22746966
24669614
22745610
22745016
22744902
22740074
22738823
22738011
22737640
22737200
22737199
22737198
22733641
22727623
22727024
22726271
22722726
22722363
22722358
22722356
22722351
22704428
22704427
22701928
22701902
22699840
22697904
22694063
22690972
22690971
22693691
22692330
22691308
22691156
22689312
22686720
22677592
22677580
22676883
22675687
22670087
22665414
22664558
22657939
22646298
22644545
22644019
22643380
22643022
22643021
22640818
22632939
22632278
22632276
22626586
22626050
22622221
22622209
22622207
22621439
22616313
22614576
22611996
22611992
22611330
22609505
22608046
22592969
22591928
22591867
22591490
22588819
22587586
22587562
22587314
22586790
22578042
22576717
22569016
22567736
22559956
22559955
22559954
22559952
22558029
22558024
22556313
22555892
22553264
22551065
22549298
22547519
22540877
22540850
22534601
22534598
22534417
22533166
22532489
22532196
22527650
22525397
22524978
22515757
22515755
22515754
22511300
22509894
22509881
22508619
22505701
22495858
22495489
22492773
22491114
22490072
22489980
22489978
22489973
22489971
22489590
22489589
22487392
22486148
22484282
22483843
22483150
22483142
22483127
22481757
22481156
22480891
22480890
22472715
22471918
22471917
22471912
22464660
22458312
22458311
22455717
22455700
22455699
22455654
22453049
22452283
22450189
22450183
22450180
22449466
22449463
22449272
22449271
22449268
22448503
22447713
22447710
22447708
22440630
22439893
22438688
22436656
22435768
22430550
22429317
22429234
22429175
22429173
22428488
22409198
22409195
22424049
22421489
22418401
22416058
22412009
22407073
22404878
22403598
22403596
22403593
22403591
22403204
22394086
22392658
22384807
22383409
22383146
22383096
22381087
22374231
22374002
22373629
22373621
22373620
22372224
22369903
22367650
22367055
22366844
22365877
22365876
22365860
22365589
22364472
22364457
22364449
22364046
22362436
22361803
22361802
22361786
22360029
22340644
22356018
22356007
22356006
22355240
22354126
22351715
22345718
22345587
22345114
22344357
22340777
22337214
22337187
22336485
22330048
22329970
22327792
22324530
22324529
22323238
22322662
22320996
22320369
22313178
22308935
22308641
22306457
22306143
22301264
22290225
22290167
22289013
22288998
22288996
22288995
22288994
22288993
22288991
22288989
22288944
22287089
22286047
22281936
22281429
22278885
22278174
22273737
22273229
22270987
22268536
22268408
22268309
22267361
22267360
22267358
22267352
22267349
22262113
22258016
22250676
22250671
22248767
22243399
22241705
22241339
22240254
22240206
22239758
22239742
22239328
22237570
22235153
22234586
22233702
22233146
22232320
22227483
22225894
22225891
22225887
22225884
22225447
22221985
22218618
22215615
22215267
22190100
22190099
22208842
22208834
22208823
22208202
24575802
22205912
22205910
22204948
22200152
22196987
22195377
22195202
22193690
22192924
22192159
22189987
22189888
22189887
22189881
22189879
22189877
22188942
22185862
22176978
22174315
22173081
22170208
22168067
22166178
22159864
22157437
22156791
22150714
22150200
22150198
22150196
22150194
22150192
22145759
22143752
22141427
22136642
22134056
22132665
22131247
22130260
22130179
23469565
22123867
22116184
22114989
22114348
22113587
22109642
22104060
22104059
21999565
22094214
22092596
22090250
22089271
22087781
22087779
22087512
22085003
22085002
22081545
22079197
22076714
22057607
22056421
22055800
22047931
22042214
22042213
22040659
22038872
22038842
22034701
22034545
22030762
22028631
22026992
22022903
22022899
21999559
21999553
22021152
22018766
22018090
22017355
22015813
22015637
22011593
22011053
22007092
22007090
22005488
22002773
22000542
22000538
21999309
21999250
21998012
21961685
21961684
21961683
21961682
21961681
21961680
21961679
21961678
21961677
21961676
21961675
21961674
21961673
21961671
21961670
21961668
21961666
21961664
21961660
21990173
21988625
21988624
21985873
21984741
21983000
21982999
21982674
21979253
21977574
21971993
21971261
21970215
21969344
21966046
21966037
21964166
21962200
21955413
21954716
23472432
23472431
23472420
21953655
21953416
21952945
21948229
21946503
21945594
21944357
21944356
21944290
21943332
21943281
21942491
21942487
21942480
21942478
21938581
21938358
21937578
21930856
21927550
21925818
21921997
21920987
21918937
21918933
21918932
21917671
21912479
21909149
21901668
21901359
21900137
21900133
21896445
21894648
21894600
21893831
21893751
21893749
21892258
21883718
21883404
21880690
21879184
21879183
21876976
21876576
21871988
21870590
21869743
21869666
21869654
21863471
21854148
21854147
21854144
21851569
21851560
21848720
21841091
21830837
21826041
21821209
21817849
21810503
21807626
21804044
21802633
21801365
21801355
21800984
21800982
21797139
21795965
21795650
21791704
21790258
21784878
21783450
21781020
21779949
21777720
21777127
21776584
21775874
21774848
21774655
21774653
21774652
21774648
21774647
21774646
21774645
21774643
21774638
21766428
21762365
21752722
21752078
21745064
21745056
21739412
21724159
21718125
23272448
21711993
21711507
21710424
21709970
21706459
21705966
21705890
21701346
21668760
21698422
21697994
21696908
21696281
21696280
21696279
21696278
21696000
21694568
21694560
21694557
21692264
21685581
21683921
21680147
21671280
21671279
21671276
21671238
21670442
21670131
21664789
21664768
21663810
21660871
21656916
21656393
21656392
21656337
21655756
21649708
21649706
21649705
21649699
21642904
21642903
21641191
21640004
21633594
21631977
21630128
21629123
21628055
21628050
21628047
23074815
21620615
21620117
21620030
21617513
21617512
21617510
21617508
21617506
21617504
21617415
21617268
21614625
21611804
21609173
21607700
21606883
21605381
21602439
21600722
21595936
21593246
21592017
21591287
21590506
21586403
21585672
21585670
21574859
21572242
21571745
21569172
21569169
21568620
21565860
21564199
21562297
21562295
21562294
21562293
21562291
21562288
21557103
21557101
21557100
21555662
21551438
21550005
21548506
21545914
21544550
21542851
21534905
21534133
21534109
21528835
21527971
21527811
21526315
21522092
21521404
21517683
21517682
21516607
21516603
21516602
21512367
21508743
21489203
21505841
21494116
21493400
21493358
21493108
21484813
21482844
21481172
21479204
21477825
21477521
21477512
21477431
21477015
21475643
21474060
21472366
21471411
21470085
21461880
21457317
21456993
21456991
21456990
21456987
21456986
21456984
21456975
21456974
21452029
21450565
21445810
21441822
21436667
21436659
21436657
21431271
21425361
21425359
21425358
21425356
21421207
21401942
21401792
21401691
21401687
21401681
21399387
21399386
21399385
21399384
21399383
21399381
21399380
21399379
21399378
21397433
21393289
21393277
21388945
21387883
21385758
21385432
21385084
21384269
21376510
21376489
21375150
21372364
21369769
21369627
21366714
21361721
21360294
21359863
21359857
21355699
21355695
21355689
21350932
21347603
21346510
21346509
21346506
21346505
21346504
21346503
21346500
21346499
21346498
21346497
21345062
21345059
21345058
21345055
21345054
21343208
21343171
21340386
21338969
21337811
21335804
21335785
21333325
21330815
21328185
21324074
21324071
21324070
21324064
21321668
21319662
21315409
21309911
21308482
21307391
21305260
21303557
21301699
21299602
21296769
21292696
21292219
21292207
21290357
21287793
21287468
21286836
21283162
21279437
21277070
21276187
21272197
21266636
21266070
21265035
21261031
21248605
21248595
21245601
21244193
21243219
21243059
21241514
21240118
21199091
21199087
21199085
21217491
21214919
21209523
21208263
21207781
21204720
21197883
21197882
21196620
21193701
23896789
23896783
22828575
22616355
22594002
22533249
21191202
21188514
21188513
21182376
21149837
21149834
21171031
21171030
21171029
21171027
21171026
21169788
21169783
21169779
21165761
21161680
21156985
21156981
21156306
21156303
21156301
21156300
21156299
21156297
21156296
21156294
21155873
21155870
21155869
21155868
21155867
21155866
21155865
21151594
21147439
21145772
21143411
21143056
21140963
21140066
21135732
21134199
21134186
21134182
21134173
21134162
21134154
21134153
21134145
21134143
21134139
21129581
21129179
21125342
21118845
21115375
21114796
21112122
21111649
21109128
21105944
21105564
21104601
21099396
21099386
21098386
21092915
21091761
21091760
21091759
21090948
21090939
21086771
21075590
21075021
21074256
21073744
21073012
21071127
21069896
21067053
21066927
21063660
21063260
21062551
21061205
21057883
21057320
21056150
21050457
21046933
21046569
21043355
21042839
21041465
21039105
21039099
21039098
21039092
21039086
21038540
21035772
21035767
21035167
21029381
21029274
20980851
20980850
20978840
20978431
20978428
20978427
20978423
20976635
20975928
20973874
20956679
20950770
20946480
20941932
20881709
20881691
20936601
20936582
20936578
20936575
20936571
20936568
20934299
20932302
20932277
20931913
20931063
20930906
20919476
20888726
20888722
20888668
20885903
20883976
20881827
20881823
20881821
20881820
20881818
20881688
20881676
20874014
20874009
20872262
20868535
20865566
20862708
20860575
20860433
20858255
20854164
20854156
20854152
20854145
20853241
20852489
20849004
20848321
20846805
20845105
20844820
20842913
20842335
20841759
20841750
20841574
20840457
20838880
20838702
20836785
20835644
20833912
20833902
20830619
20827120
20820014
20818507
20817821
20815653
20814912
20812496
20736631
20736582
20736563
20736548
20736546
20811730
20809498
20809497
20809351
20737238
20737233
20804091
23105039
20798412
20795802
20739855
20738185
20736680
20736671
20736666
20736429
20734194
20730903
20728982
20724217
20722848
20720611
20719464
20716101
20716096
20715307
20713927
20710102
20709280
20703743
20703705
20703151
20698372
20697551
20685170
20683570
20640334
20640333
20679845
20679563
20675512
20672573
20672572
20672567
20672566
20671657
20671539
20671463
20671450
20668907
20668151
20666171
20663756
20663448
20662581
20662580
20662578
20662576
20662575
20662574
20659868
20659214
20656604
20654275
20653380
20653379
20652677
20652401
20651872
20651864
20651478
20642971
20642558
20642090
20636592
20636586
20636585
20636583
20636442
20634017
20633875
20633219
20633091
20632991
20631658
20631657
20630428
20630425
20630003
20630001
20619635
20618112
20614730
20614381
20614377
20614374
20604859
20604856
20604854
20604852
20604850
20603909
20597855
20597039
20595875
20592521
20592515
20592509
20592508
20589608
20589607
20589604
20589603
20589599
20586636
23634475
23451546
22610733
20583511
20576994
20576991
20576988
20576982
20576125
20572479
20565832
20564716
20564715
20564709
20563947
20563946
20563945
20563942
20563936
20563736
20557153
20556534
20553654
20552154
20548787
20540814
20539248
20537935
20537592
20537144
20534215
20532557
20531356
20531150
20529985
20529773
20528994
20528090
20527638
20524384
20525468
20522852
20522362
20520047
20520042
20520038
20520036
20520035
20520029
20520028
20520026
20520022
20520020
20518986
20515383
20515374
20515371
20515369
20514562
20513032
20512307
20512286
20511568
20507200
20505413
20505406
20505403
20505395
20504050
20502095
20496433
20490683
20486082
20482722
20480752
20469758
20461499
20461308
20461137
20459842
20458642
20453814
20453357
20450023
20448498
20445715
20445418
20444076
20444074
20444071
20444059
20444057
20442978
20439866
20432136
20430356
20429949
20423260
20423253
20423249
20423248
20421083
20414972
20411213
20410700
20409344
20408446
20408445
20405092
20399070
20393830
20393433
20391284
20391281
20391168
20386996
20386026
20386024
20378035
20375832
20375831
20375830
20375407
20371485
20368500
20367696
20364785
20357320
20352517
20352516
20352510
20352506
20352500
20354390
20354387
20354377
20354374
20354372
20354042
20353332
20353328
20353327
20353324
21702285
20352363
20350199
20347383
20338583
20338034
20335759
20334050
20305532
20304747
20303201
20237885
20237229
20230607
20229074
20226905
20224021
20223614
20222036
20222035
20222033
20220724
20218843
20218837
20218836
20218834
20218824
20215907
20213851
20205266
20204577
20204136
20201158
20195030
20193938
20191231
20189342
20183360
20183359
20183353
20183345
20183344
20182130
20182129
20182113
20182110
20175325
20173298
20172370
20172293
20171700
20166226
20165697
20165531
20165530
20165529
20165526
20165522
20165521
20165520
20165515
20163226
20163225
20163220
20163217
20163216
20159937
20156365
20155407
20154251
20143966
20142139
20142138
20142135
20142133
20142127
20141641
20133409
20132637
20130460
20129273
20123945
20121683
20113493
20112664
20110456
20110128
20107370
20107369
20107368
20107367
20107365
20107364
20107363
20107362
20107361
20107360
20107359
20107358
20107356
20107354
20107349
20107348
20107347
20107346
20107345
20107344
20103074
20103071
20102068
20053217
20053206
20101280
20100347
20099644
20099643
20099642
19907375
19907373
19907368
20098815
20097652
20095781
20095779
20095778
20095776
20095772
20094911
20087829
20084011
20083878
20081643
20081417
20079997
20078853
20078753
20077868
20074353
20074350
20071725
20068427
20068021
20058224
20056372
20054681
20053518
20051725
20042845
20042843
20042841
20042829
20042828
20042814
20042813
20042110
20041922
21686208
21661255
21560590
21560587
21560584
21560575
21560570
21391410
20040057
20029762
20029576
20028543
20011935
20009859
20005584
20005501
20003493
20003311
20000199
19998735
19998707
19998475
19998447
19998446
19995171
19995166
19995163
19969255
19968002
19967638
19967635
19966707
19960637
19959496
19958993
19954535
19952678
19950304
19947059
19940972
19940589
19940584
19935437
19933894
19933884
19933883
19930949
19930739
19930504
19927506
19922713
19916073
19915915
19915779
19913324
19909037
19909036
19909027
19896627
19892294
19890982
19889217
19887183
19887011
19886103
19882398
19882186
19881435
19877868
19877863
19877862
19877860
19877855
19877854
19874498
19874497
19874494
19860275
19858814
19858810
19858808
19858805
19858803
19858793
19858123
19857277
19853551
19852799
19851698
19851492
19849905
19842527
19842282
19835676
19828847
19827276
19824368
19824096
19813432
19811215
19811212
19811205
19811204
19811203
19811193
19811192
19811190
19811181
19811179
19811178
19811168
19811165
19811164
19811162
19811158
19811146
19811145
19811144
19811137
19811131
19811130
19811129
19811128
19811126
19799581
19798912
19798870
19798838
19797613
19789924
19789234
19789192
19785907
19785873
19780471
19775425
19774954
19774476
19772369
19769647
19768181
19767481
19767480
19764692
19763856
19763797
19761158
19756985
19752081
19751095
19748201
19747400
19745449
19745448
19745442
19745436
19744386
19736579
19730238
19728375
19728368
19724941
19723983
19723256
19722755
19722033
19721958
19721295
19718276
19717370
19717365
19717041
19716888
19712913
19712912
19709777
19707077
19707070
19707056
19706190
19705984
19705637
19704204
19704193
19702230
19701563
19699386
19693955
19689848
19689483
19688401
19688400
19686625
19685016
19684377
19683165
19679635
19679430
19675974
19674861
19669913
19669708
19666351
19665731
19660872
19660640
19660636
19659416
19651062
19647971
19645649
19644012
19642984
19642153
19640293
19638923
19638788
19638786
19638780
19638779
19638771
19637292
19636191
19631338
19630961
19627898
19626280
19625560
19624093
19623426
19619098
19618362
19615071
19610531
19609700
19607740
19604663
19602947
19597686
19594534
19594344
19593705
19593538
19593537
19593287
19585243
19583899
19582633
19582632
19580536
19580535
19573194
19573186
19573183
19569541
19566670
19563621
19561480
19557481
19556399
19556388
19556387
19555974
19555909
19555908
19554893
19554892
19550197
19550194
19550191
19550188
19550172
19550170
19550059
19549725
19539838
19539170
19537032
19536029
19535552
19530564
19530196
19527955
19515243
19513927
19507524
19502716
19502151
19502148
19502143
19501219
19501017
19500414
19496014
19495782
19495513
19493184
19493179
19493178
19493173
19490815
19489196
19486875
19486871
19483445
19481853
21138664
19474548
19474547
19474544
19468006
19460139
19458365
19454210
19453917
19451876
19448770
19446476
19445293
19445290
19445277
19439681
19435518
19435121
19434294
19430885
19427549
19426896
19422493
19422492
19422487
19422412
19419630
19409029
19409028
19404895
19404883
19401998
19401010
19400932
19398186
19395143
19387336
19385271
19380916
19379863
19377137
19375990
19374290
19374287
19368617
19358713
19353427
19349442
19346444
19344826
19344612
19344219
19343556
19336769
19336767
19336766
19335575
19335572
19330695
19330667
19330666
19327657
19322253
19320381
19320325
19318005
19317774
19317771
19309062
19296370
19265079
19265073
19265072
19265071
19289312
19288575
19288565
19288563
19288558
19288557
19288556
19288314
19288306
19286341
19280654
19278168
19276220
19274008
19273822
19272550
19269940
19269908
19269350
19266585
19265092
19263678
19263177
19258468
19256409
19253702
19253151
19253149
19251560
19250353
19250352
19250349
19247776
19246446
19244740
19244702
19240446
19240440
19240439
19240437
19240435
19240433
19240207
19230373
19229784
19229152
19227821
19224843
19221328
19220905
19217743
19215889
19212252
19208609
19207147
19203333
19202500
19202496
19202481
19202480
19202479
19201937
19201140
19197744
19194649
19190301
19189814
19189064
19189061
19187354
19184682
19184497
19178898
19177414
19177382
19177378
19174685
19174668
19174665
19174663
19174295
19173725
19171823
19170777
19168947
19161487
19161485
19161482
19161480
19159043
19159041
19159040
19159039
19159034
19153824
19142659
19141000
19140998
19140065
19140038
19138395
19132569
19130387
19130386
19130381
19130380
19128674
19120946
19088248
19117300
19117223
19117222
19115600
20977801
20380118
20354967
19110905
19109853
19108485
19108484
19107125
19106692
19097437
19095103
19092935
19092679
19089730
19089727
19088661
19088659
19084787
19083211
19082255
19082203
19081704
19080802
19079412
19077227
19077214
19075168
19075035
19069224
19069222
19067095
19066354
19065500
19065357
19059183
19059182
19059168
19058257
19058242
19058239
19058077
19055789
19051660
19050627
19047511
19042316
19042223
19038639
19038043
19034835
19034833
19032553
19005953
19018910
19017897
19007393
19007390
19007389
19006916
19004407
19004362
19001823
19001822
19001103
19001036
19000877
19000348
18999056
18997354
18997353
18997352
18989493
18988042
18979262
18978119
18976622
18976615
18976608
18976341
18976195
18975484
18975478
18973714
18972982
18971662
18959184
18957914
18955679
18950974
18950254
18948795
18948644
18946820
18946817
18946816
18946809
18945511
18945243
18945231
18939474
18937136
18937135
18937094
18937015
18931929
18855235
18847497
18820509
18820508
18820503
18820502
18820496
18839934
18838351
18836989
18832954
18832406
18828570
18825860
18825572
18825566
18825545
18823514
18823386
18823324
20209798
18821165
18820520
18815603
18405551
18813583
18813131
18812619
18811978
18811635
18809164
18807442
18807099
18806128
18802832
18791299
18790406
18788257
18781040
18780925
18780846
18779032
18777429
18777428
18777426
18777425
18777424
18777420
18777419
18777417
18775631
18773167
18769104
18761615
18759968
18758742
18728449
18724541
18723836
18722571
18721933
18721223
18717431
18716011
18715966
18715490
18715489
18715483
18715476
18714746
18714586
18713095
18712804
18712801
18712800
18712799
18712798
18712796
18712794
18704850
18703918
18703917
18703912
18702434
18700596
18695028
18694406
18694018
18693935
18689857
18688692
18686740
18685911
18683015
18679746
18677663
18677662
18677661
18676540
18676509
18667897
18667895
18667892
18667880
18667184
18658103
18658100
18652175
18638032
18633680
18633628
18627587
18626387
18618212
18615975
18612753
18612744
18612743
18612737
18612734
18612729
18612722
18612720
18612718
18612716
18612715
18608968
18608966
18608959
18608958
18608950
18608942
18604097
18597989
18595423
20071831
18581612
18580090
18576191
18576187
18576186
18576185
18576181
18575982
18574385
18573168
18570333
18569667
18569657
18569656
18569650
18564097
18564095
18559203
18556998
18364288
18364287
18364282
18364281
18548212
18546842
18546087
18544518
18544517
18544516
18543502
18541640
18538206
18534955
18528496
18528492
18521884
18521876
18521873
18520468
18520464
18520462
18520458
18519932
18519335
18519051
18516374
18515779
18510774
18510279
18507767
18501160
18499174
18495676
18494236
18492261
18487793
18487158
18484458
18484452
18484450
18484449
18484448
18484438
18484220
18484207
18481188
18480539
18480471
18477919
18474837
18471701
18471699
18469420
18467484
18467474
18465280
18464135
18460482
18457796
18457317
18455863
18453322
18452674
18452515
18449612
18448896
18448720
18447816
18444209
18444205
18444204
18444200
18444186
18444184
18444181
18444178
18444049
18444047
18442424
18439528
18435713
18430241
18429701
18427941
18425023
18423324
18420548
18420032
18419809
18419243
18418725
18414969
18413023
18412885
18403816
18403575
18399813
18398523
18398281
18391324
18391257
18391083
18389324
18387190
18381332
18376086
18374030
18373149
19534074
18369022
18368767
18367903
18367897
18367894
18367893
18367887
18366126
18366125
18363483
18361271
18354893
18348881
18348441
18346120
18342943
18338991
18335608
18332295
18330540
18324511
18317155
18317094
18316883
18316868
18314171
18313085
18312312
18309892
18309891
18308281
18306706
18306052
18306050
18303368
18303355
18300534
18298447
18297358
18295432
18295310
18293254
18291617
18287982
18287464
18283069
18278656
18278653
18278652
18278643
18276605
18275419
18275414
18275413
18275412
18274879
18271730
18270277
18264560
18262564
18261698
18256889
18256874
18256711
18254350
18251459
18251034
18247171
18241181
18236276
18236274
18236272
18236269
18236260
18236259
18236258
18236257
18236255
18236253
18236252
18236251
18236250
18236249
18236248
18234951
18230091
18230089
18230087
18228012
18223360
18221570
18221270
18219458
18218294
18214702
18212138
18206313
18203545
18201406
18200913
18199018
18196362
18192766
18192765
18192762
18186991
18184124
18181845
18181844
18181423
18172964
18172799
18172794
18165580
19402355
19402354
19402353
19402352
19402348
19402347
19320291
19277219
18162751
18162747
18162743
18158668
18158664
18158663
18158662
18158661
18158660
18158657
18158651
18092430
18091704
18086199
18085603
18085601
18085583
18085580
18085578
18084106
18082828
18081459
18080954
18079506
18078258
18075719
18072703
18071170
18064938
18064546
18064470
18063280
18063071
18062609
18060093
18058684
18057224
18057179
18057175
18054172
18053931
18052817
17922449
18046133
18046131
18046118
18046116
18046114
18046113
18045490
18045481
18045369
18045366
18043969
18043369
18037602
18036146
18034798
18030828
18028346
18026601
18024846
18021844
18021840
18019774
17998222
17990718
17990612
17986193
17985765
17980021
17979950
17978967
17978963
17976763
17976424
17975692
17973766
17973765
17950321
17971696
17971692
17971690
17971688
17971474
17971139
17970328
17967963
17967962
17961886
17961881
17958991
17957936
17955690
17955309
17954795
17953499
17941250
17939306
17895703
17895700
17895692
17895676
17895672
17937119
17935614
17935466
17935464
17932779
17925981
17925979
17925978
17925112
17922359
17922356
17922354
17917989
17917986
17917985
17917983
17911947
17908118
17908116
17908005
17906391
17906063
19127848
17893379
17885319
17881387
17877870
17876846
17876845
17873659
17872616
17869583
17852720
17846392
17845970
17823227
17822413
17822412
17786759
17786757
17786748
17786747
17786738
17786735
17786522
17785645
17785643
17785642
17765154
17764040
17762266
17761236
17760986
17760398
17726403
17726123
17719066
17717575
17716737
17707310
17706570
17702590
17701841
17701639
17701637
17701635
17701631
17701618
17701615
17701613
17701611
17701608
17696986
17693291
17686064
17683300
17682114
17679740
17678553
17675544
17674973
17674876
17674491
17669055
17667885
17662176
17662174
17661884
17661882
17659170
17647179
17647176
17643141
17643139
17639820
17639806
17637847
17635102
17635101
17635100
17631363
17629786
17629777
17626195
17626194
17625659
17622019
17619246
17614883
17610121
17609590
17604491
17603829
17602323
17601590
19088612
17595560
17594673
17594582
17594581
17594579
17594577
17594573
17594562
17594560
17594555
17594548
17594545
17594228
17594222
17593652
17593186
17591670
17587452
17576631
17576626
17575727
17573509
17568174
17564548
17564542
17564540
17563992
17562912
17562904
17561148
17557189
17551784
17549654
17549647
17549644
17549596
17548403
17547104
17541864
17539491
17538836
17538832
17538830
17537717
17530433
17525553
17525552
17525550
17525542
17525536
17525535
17525533
17524758
17522685
17521075
17520779
17516908
17515491
17514211
17509341
17494491
17493274
17491572
17489774
17489326
17488507
17486385
17485567
17484163
17483859
17476601
17472502
17470510
17462089
17457078
17457063
17453462
17450390
17443374
17443370
17440377
17437658
17432022
17430281
17430081
17425393
17415301
17415120
17412117
17411888
17411827
17411679
17411641
17411580
17411518
17408911
17407425
17407424
17405419
17403816
17403235
17402894
17396690
17396566
19088603
17395967
17395960
17393753
17391609
17391579
17389694
17389693
17389692
17389291
17385735
17380879
17378879
17377256
17374870
17373426
17372639
17371747
17371642
17371184
17371182
17366927
17365389
17362857
17360095
17357684
17357639
17356743
17356736
17342630
17337374
17336142
17335561
17332119
17330995
17328653
17327710
17327708
17327707
17327706
17327584
17321198
17320528
17319374
17318964
17316216
17316215
17316210
17316206
17315546
17309397
17303646
17302670
17301349
17299033
17299032
17298266
17298265
17297860
17296681
17290672
17285217
17285216
17269952
17269947
17267529
17263045
17260546
17259674
17255866
17255700
17250781
17242416
17238535
17236996
17225198
17224984
17209899
17209896
17209892
17209329
17208055
20200893
17192453
17192443
17191625
17190689
17188417
17186449
17186444
17186443
17183895
17183615
17182513
17178316
17169230
17162066
17161502
17156463
17152570
17152191
17151829
17149480
17148706
17148704
17144840
17144839
17144836
17143017
17142502
17141126
17141119
17140104
17139402
17139021
17139019
17139018
17139014
17136615
17130980
17130666
17127164
17127161
17122485
17122484
17122478
17122476
17122475
17122474
17122473
17122471
17122470
17122468
17122467
17122463
17122462
17118114
17118111
17118109
17115252
17114609
17108626
17108623
17102988
17102913
17101612
17101602
17099812
17098679
17096986
17091446
17089076
17086509
17086051
17086048
17086046
17086043
17086041
17084777
17084769
17084766
17081286
17079791
17079527
17077600
17075690
17074709
17074708
17074700
17074694
17065860
17065859
17065858
17065857
17065856
17065854
17065851
17065850
17058553
17056956
17056118
17054803
17054614
17051281
17051274
17047890
17044940
17044924
17043341
17041814
17041788
17040954
17040575
17038941
17038081
17037709
17033879
17026729
17021148
17021145
17019923
17019919
17019913
17019911
17019908
17019907
17019906
17017198
17015419
17009189
17009187
17008800
17007626
17003532
17001529
17001528
17001130
17000606
16998697
16991132
16987197
16987192
16987187
16987183
16986645
16986153
16979841
16973463
16973462
16973456
16973449
16973446
16972990
16970851
16964556
16964354
16962817
16957872
16954487
16954485
16954460
16944388
16943330
16938487
16937718
16936499
16936479
16934591
16926941
16926935
16926566
16925800
16925643
16925642
16925632
16913319
16910132
16900712
16897558
16892760
16889586
16888530
16878088
16876084
16875271
16874650
16872017
16872016
16872013
16872011
16870114
16869926
16869925
16869921
16867855
16867852
16858103
16847736
16847730
16846185
16844944
16842620
16841240
16837423
16836623
16836545
16836542
16836538
16836536
16836535
16836534
16836532
16832712
16832710
16832708
16832258
16831802
16831801
16831797
16830440
16826046
16824367
16823678
16821351
16814211
16813920
16813710
16813548
16808848
16808778
16808201
16807431
16807181
16807176
16807175
16807174
16807173
16807171
16802315
16802314
16802313
16802308
16799291
16799285
16799280
16787438
16786341
16782663
16781549
16779319
16776824
16776605
16774021
16773555
16768086
16764734
16760811
16758528
16757398
16755945
16754364
16753730
16751919
16741837
16740867
16740859
16735877
16733987
16731071
16730497
16729888
16729202
16728816
16728804
16728802
16728795
16725202
16723724
16722922
16719739
16712538
16707306
16707305
16707304
16707302
16707300
16707294
16707288
16704400
16704399
16704394
16704392
16704385
16704382
16700775
16700774
16700772
16700435
16686941
16685482
16685343
16683233
16679877
16669167
16652072
16647877
16647361
16643575
16640488
16639210
16639199
16639194
16639192
16638374
16638146
16637824
16636709
16636361
16636359
16635121
16635119
16630441
16626274
16624196
16617443
16614765
16612290
16610151
16609123
16609119
16609117
16608679
16604327
16604326
16604325
16601254
16600960
16600959
16600958
16600956
16600954
16600953
16600776
16586171
16584371
16584370
16583284
16575477
16571434
16570704
16569722
16567177
16566679
16565197
16553123
16551324
16543299
16537305
16534158
16531303
16531300
16531151
16531148
16529134
16528547
16528545
16524464
16524457
16523322
16522588
16520503
16519815
16514126
16506689
16506204
16501266
16500250
16500152
16499544
16499531
16498480
16498478
16497133
16494180
16492576
16490543
16483328
16483326
16483325
16483324
16483323
16483321
16481607
16481605
16479467
16473991
16473988
16468944
16468529
16459685
16459218
16454964
16454560
16451890
16451888
16451885
16451245
16451243
16451242
16451240
16451237
16451236
16446879
16446636
16446271
16441326
16438638
16436584
16436580
16429660
16427906
16427562
16424465
16423099
16420312
16415613
16412251
16409217
16404121
16399307
16399101
16399099
16398960
16393835
16393188
16392779
16392199
16387976
19469660
19088596
16378037
16377825
16377823
16377812
16376729
16373797
16368832
16366448
16365901
16365900
16365898
16365132
16363751
16362622
16356384
16354139
16354137
16344417
16344002
16342655
16341733
16336141
16332553
16328750
16326768
16320539
16315630
16315629
16315627
16315626
16315623
16315622
16315620
16315619
16315618
16315617
16315616
16315390
16315123
16313584
16313582
16313580
16313579
16313528
16312985
16307635
16306278
16306277
16304981
16304466
16302232
16296220
16296219
16296215
16285404
16283826
16283822
16283820
16283818
16282001
16281420
16277060
16277059
16277058
16277057
16277056
16273449
16272837
16271911
16269228
16262806
16261718
16261669
16261665
16260269
16260247
16260232
16259640
16259489
16258334
16254675
16253669
16247917
16244010
16240536
16240533
16240055
16238511
16236588
16236585
16236584
16236581
16235619
16235618
16232275
16222852
16222848
16222847
16222846
16218326
16217577
16217367
16213903
16205826
16204146
16198795
16197318
16195575
16194846
16193405
16193402
16193401
16192917
16191130
16189738
16186194
16184293
16184292
16184291
16184290
16178834
16178833
16178832
16178829
16178828
16178824
16178274
16173072
16173070
16173069
16173068
16173067
16173066
16173065
16173055
16173053
16173052
16173051
16173050
16173049
16167853
16166472
16166412
16164757
16162287
16157519
16153433
16150035
16150034
16149890
16149362
16147804
16147793
16147776
16147774
16147771
16147768
16145642
16145636
16145632
16145029
16145028
16145027
16145025
16145024
16141129
16141124
16141119
16138791
16138489
16138141
16135877
16131552
16125618
16125081
16123877
16123465
16123463
16122364
16111754
16109793
16108702
16105336
16102834
16097148
16089281
16089117
16078807
16078805
16078803
16078802
16078801
16078796
16078176
16078098
16060031
16050891
16050883
16050658
16048629
16048625
16048107
16044786
16043536
16043532
16042519
16042515
16035922
16029509
16026607
16026187
16026139
16024421
16024415
16024306
16023439
16022738
16022277
16021565
16019342
16019340
16019337
16019335
16019330
16011950
16011944
16011943
16011941
16010405
16010403
16010402
16010389
16010384
16010381
16010374
16006697
16003059
16001358
15991398
15989911
15989160
15988633
15985114
15985103
15981145
15980090
15980086
15964889
15964521
15964325
15963157
15960789
15955275
15947834
15939856
15937271
15933948
15933916
15932489
15926035
15922210
15921753
15921098
15920861
15920402
15919573
15919415
15919411
15917355
15914493
15914461
15913126
15912285
15912037
15910439
15910438
15910432
15910430
15909460
15898023
15895637
15894972
15892461
15890222
15887477
15884279
15884192
15882464
15876496
15876178
15871933
15867638
15867120
15866966
15865507
15857494
15857252
15856395
15851452
15851451
15850482
15849647
15848820
15848819
15848816
15842721
15842682
15841784
15838702
15836549
15835263
15835219
15833724
15827829
15822253
15821808
15821300
15815819
15813762
15813761
15805223
15798925
15797877
15796946
15793026
15793021
15792752
15791872
15781790
15778144
15776181
15772411
15772409
15772397
15766698
15766617
15763853
15763851
15763848
15763847
15763827
15763826
15760444
15757940
15752421
15747982
15742986
15741384
15739138
15739132
15736711
15734817
15733168
15733167
15732234
15727002
15726670
15723994
15723918
15723917
15721598
15718619
15712777
15712776
15712774
15712772
15712576
15709563
15709562
15709560
15708162
15705256
15704776
15702659
15700352
15698480
15696833
15696527
15693934
15691812
15691810
15691809
15690254
15690249
15686279
15683097
15682781
15682263
15680389
15679691
15679685
15679683
15679682
15670388
15667765
15667384
15666625
15658059
15655201
15654227
15648795
15647575
15646153
15646152
15646151
15646150
15646148
15646145
15646143
15642125
15635138
15635137
15632483
15630681
15630383
15629978
15618104
15618102
15618088
15618087
15612905
15612901
15612899
15612897
15606878
15588318
15587858
15587857
15587853
15587852
15587836
15583485
15579423
15578799
15577363
15574635
15571320
15570752
15569389
15566542
15566541
15566540
15566534
15566532
15566443
15563652
15562751
15558442
15548104
15545754
15545546
15544317
15544284
15544259
15544229
15543771
15535027
15535026
15535024
15532877
15531325
15530187
15523873
15517261
15516215
15516018
15509816
15507551
15507009
15504781
15504773
15504772
15504769
15495745
15492051
15490680
15490547
15490546
15490545
15490544
15484716
15478382
15475105
15472265
15467673
15465962
15465955
15465540
15465185
15461650
15461649
15460801
15460800
15459614
15459051
15458120
15458076
15458055
15456148
15455929
15455892
15455862
15453911
15451678
15446241
15383379
15383366
15383363
15383359
15383358
15383357
15383351
15383350
15383348
15383347
15383346
15383345
15382516
15369904
15369891
15350588
15347552
15345701
15343416
15343214
15343025
15339896
15339895
15339893
15339892
15339402
15339400
15339397
15339396
15335004
15334129
15334128
15328801
15327694
15327684
15326014
15326012
15326008
15326004
15325330
15322954
15318273
15315543
15314738
15312284
15312261
15311038
15309763
15301689
15301066
15298710
15295932
15295931
15291183
15289197
15281625
15279137
15279136
15279135
15279132
15279131
15277139
15277133
15276893
15276891
15275887
15274862
15271051
15271048
15271040
15264939
15258988
15243903
15242472
15234927
15234925
15234924
15234923
15234922
15234912
15234433
15234125
15233329
15228689
15228067
15219477
15217596
15217266
15213481
15208230
15203854
15203848
15203842
15203530
15203524
15203518
15203497
15203496
15203476
15203473
15203472
15203471
15203469
15201732
15200401
15200400
15195655
15194081
15193574
15191859
15189256
15189255
15189254
15186067
15181597
15181593
15181552
15181551
15176528
15176520
15172905
23581135
23581129
15167219
15166694
15165974
15165424
15164595
15161466
15160521
15159710
15159507
15149960
15145783
15145712
15143592
15142221
15141133
15137215
15134394
15130199
15129590
15128629
15124713
15121992
15121915
15114385
15112922
15111276
15109331
15109325
15109310
15109015
15107287
15107277
15107275
15107273
15107086
15107082
15107081
15106497
15101232
15098794
15090132
15083209
15082823
15073600
15069913
15069911
15069910
15068647
15068520
15064214
15063376
15061167
15058122
15053286
15051548
15051017
15047076
15046659
15045995
15045023
15044173
15044169
15043741
15042352
15040420
15038219
15037942
15037682
15026928
15025643
15025642
15022883
15011914
15011907
15008299
15006589
15000790
15000783
15000361
15000210
14999570
14999462
14997405
14996342
14987177
14987176
14987166
14984117
14984113
14980399
14975987
14972320
14972241
14972220
14968462
14963249
14962031
14962024
14961419
14961418
14961416
14961415
14961414
14961411
14961410
14961409
14961408
14961407
14961406
14961405
14961404
14961403
14961402
14961401
14961400
14961398
14959594
14959593
14872070
14871382
14767791
14767306
14766718
14764525
14762982
14759956
14754935
14754850
14754714
14748490
14744724
14744720
14744714
14744711
14744700
14744686
14741921
14741881
14741878
14741864
14741854
14740983
14739189
14738720
14733424
14733352
14731098
14731087
14731086
14731084
14730795
14730793
14730792
14730790
14728768
14728583
14728572
14728336
14728292
14728250
14728123
14726026
14725652
14723741
14722665
14717073
14710670
14707590
14702788
14702767
21661216
19780293
14692587
14690993
14689833
14680354
14679796
14679794
14679793
14678914
14675493
14672468
14669641
14666835
14666834
14666833
14664079
14663538
14660428
14660424
14660422
14660421
14660420
14660131
14654592
14653200
14653199
14652807
14644366
14641635
14650637
14650636
14650468
14641638
14641634
14641218
14636135
14635596
14633320
14631541
14626704
14613670
14612304
14612261
14612258
14612255
14611143
14611142
14610693
14604880
14603401
14597779
14597326
14587564
14577837
14577704
14574049
14571364
14569159
14557083
14555576
14534106
14534104
14534102
14534096
14531141
14528789
14528788
14528787
14528786
14528783
14525736
14524375
14524115
14524052
14522680
14522673
14522668
14522667
14522334
14521687
14517111
14516308
14513701
14511173
14510001
14509996
14509493
14509482
14508554
14508553
14507628
14507619
14507617
14507613
14507612
14506816
14501755
13678075
12975052
12974851
12974850
12974849
12974844
12974843
12974842
12974841
12973488
12969838
12969837
12969836
12969835
12969834
12964130
12959159
12956213
12953003
12953002
12953000
12952999
12950947
12950942
12950941
12950476
12949343
12949341
12949273
12947518
12946827
12945568
12940249
12934721
12916533
12915797
12913375
12913369
12911073
12910041
12897604
12895251
12893559
12893558
12893555
12893551
12893547
12893544
12891971
12891636
12889647
12888384
12888382
12887836
12887230
12885595
12882593
12882129
12881051
12877780
12877779
12873177
12866330
12866329
12866327
12857689
12857684
12857682
12856357
12855394
12855390
12846863
12837866
12837648
12834100
12833742
12831375
12825628
12823654
12820791
12813924
12813864
12806789
12805044
12805042
12805038
12805037
12805035
12805034
12805033
12805032
12804081
12799339
12790085
12787380
12787378
12787376
12782546
12780500
12776386
12772936
12769315
12762172
12755544
12754909
12754907
12751505
12751304
12749555
12748477
12747264
12747260
12747259
12745908
12745530
12745529
12745526
12745516
12744989
12744984
12742790
12742779
12741172
12740619
12739259
12739258
12739255
12738980
12737411
12737157
12737155
12733204
12733198
12733188
12733185
12733095
12733094
12729312
12722671
12721525
12719314
12719082
12708889
12708069
12708066
12704281
12699581
12699580
12691963
12691960
12691939
12680821
12685976
12685949
12677136
12673528
12673527
12670109
12668541
12665063
12661603
12654119
12654113
12652169
12649584
12648246
12639450
12638391
12634669
12634220
12626294
12623465
12623463
12612278
12611110
12611109
12605794
12603765
12603441
12602709
12594371
12593565
12592104
12590437
12589582
12588279
12585441
12584098
12584092
12584091
12583367
12572971
12566504
12564864
12564568
12558887
12558886
12558358
12557732
12544079
12535116
12535114
12535113
12535111
12531436
12528656
12526064
12526063
12526062
12525421
12525416
12525414
12525409
12525408
12525406
12525405
12525404
12518656
12512460
12512202
12511148
12511313
12510145
12510144
12509118
12501985
12487846
12485233
12483457
12480632
12479541
12476856
12476725
12472754
12472753
12472752
12472609
12472150
12467348
12467081
12463869
12463611
12462315
12462307
12456901
12455341
12455251
12455250
12450482
12450472
12450471
12446540
12440755
12434939
12434657
12431959
12431958
12431950
12431947
12431932
12431930
12431919
12431915
12431914
12429962
12416073
12414495
12414494
12414493
12414492
12414491
12414487
12414485
12414483
12414481
12414480
12414479
12414478
12414477
12414476
12408735
12406484
12406269
12406267
12404837
12395490
12395488
12390467
12385073
12377677
12373730
12364638
12362691
12358864
12358197
12356593
12354250
12354244
12353177
12269533
12244776
12243029
12236402
12236390
12235909
12235442
12235435
12235434
12232930
12228090
12227529
12227236
12227235
12224871
12224412
12224411
12222014
12219759
12204079
12204076
12204075
12204074
12217160
12217103
19705568
19705567
12203380
12196618
12193334
12193328
12193327
12193323
12193322
12193318
12193317
12192728
12191056
12191053
12189642
12189641
12189633
12186658
12182178
12176695
12176694
12175836
12168475
12164622
12153701
12149819
12149136
12138660
12137813
12116681
12116659
12114175
12114174
12114169
12114167
12114166
12114163
12114162
12114143
12114138
12109985
12109983
12109979
12109577
12109455
12109248
12107629
12102243
12099124
12098462
12098458
12098452
12098451
12098450
12098436
12098433
12098431
12098430
12098421
12098420
12098415
12098414
12098412
12098410
12098409
12092309
12089837
12088098
12081510
12080889
12079444
12074763
12068907
12063209
12063193
12063190
12061126
12058550
12049042
12047673
12047672
12047671
12047665
12047663
12047662
12045072
12043752
12043751
12039656
12038727
12038715
12038098
12035998
12034912
12032373
12031092
12028398
12028393
12025486
12024875
12017143
12017141
12017140
12017135
12015050
12013306
12010706
12010697
12010689
12004641
12004640
12004639
12003640
12001438
11998471
11998272
11998260
11996715
11990176
11963770
11963453
11962121
11958243
11955494
11953297
11953294
11953289
11943121
11940176
11940173
11940172
11936290
11932754
11928610
11926694
11921608
11912333
11903776
11903243
11900569
11895238
11895234
11894415
11891164
11891159
11891158
11891157
11891155
11891154
11891153
11879521
11879520
11879515
11877798
11877111
11874315
11869438
11859636
11858787
11849520
11845575
11841887
11840714
11840713
11839863
11839224
11836971
11828560
11828559
11825840
11825224
11821990
11817201
11808010
11806676
11794847
11799034
11788321
11776356
11767866
11765880
11765866
11763685
11760585
11760239
11758052
11739366
11739349
11737528
11734156
11732554
11727393
11725389
11724075
11722690
11720063
11713784
11712879
11704516
11704510
11703641
11702801
11700380
11642059
11641087
11640186
11640184
11640181
11625630
11625441
11624462
11624413
11624254
11624232
11624026
11623796
11623795
11620533
11604890
11603874
11603873
11603062
11602367
11602366
11602364
11597854
11597853
11597840
11588934
11588927
11588286
11575141
11573715
11571893
11565638
11564202
11564201
11563224
11563221
11563220
11563219
11559292
11559291
11559290
11559289
11559286
11553504
11553501
11552453
11514906
11511327
11507670
11503539
11503536
11501708
11500276
11499366
11496814
11490906
11489109
11489108
11489107
11487784
11486141
11483457
11476422
11476205
11470716
11468683
11454636
11453885
11450582
11448836
11448835
11446051
11445987
11445982
11445981
11445978
11445014
11444339
11437974
11437969
11437964
11423682
11421962
11420870
11420869
11420865
11420864
11411974
11406958
11401812
11401802
11401801
11380858
11392244
11391451
11389787
11388940
11383740
11383079
11382667
11382652
11382166
11380863
11380861
11374286
11372181
11335761
11360701
11358072
11344423
11346522
11346521
11346515
11346514
11344742
11338745
11338568
11296112
11328523
11328522
11328521
11327143
11319008
11319005
11317827
11315802
11315470
11307493
11300072
11299188
11299186
11299178
11299176
11299175
11299173
11299167
11299166
11299165
11299164
11299153
11299151
11299144
11299050
11295022
11294376
11293891
11292136
11291588
11291585
11291584
11291583
11291582
11291581
11281490
11281090
11273381
11273378
11273374
11273371
11273368
11271863
11271579
11269842
11268827
11268791
11265967
11262334
11260935
11260453
11260447
11257918
11256271
11255600
11253986
11231711
11251750
11250852
11247568
11247060
11244853
11242547
11235770
11232256
11232254
11232251
11232226
11232225
11232224
11232222
11232220
11232219
11232073
11232072
11232070
11232069
11232068
11232067
11228901
11228867
11228683
11228679
11224971
11221819
11220423
11219787
11215959
11215958
11212985
11209568
11202668
11201062
11201061
11201060
11200213
11199237
11197094
11191704
11187621
11187614
11187611
11187601
11177316
11169090
11169088
11169083
11167571
11161103
11158832
11158830
11157290
11146779
11154204
11152312
11144949
11143890
11143426
11142105
11138862
11137686
11131776
11131775
11131772
11131769
11131764
11131761
11131259
11125517
11125516
11123598
11123566
11123560
11121930
11112714
11112712
11111897
11107467
11107019
11107016
11105600
11105593
11098983
11097096
11089699
11089505
11083042
11083041
11083040
11080973
11079926
11079344
11078670
11078667
11078666
11078665
11077756
11074684
11073485
11070579
11068514
11067708
11067194
11043998
11042578
11031157
11031152
11031148
11031139
11022585
11019756
11018335
11016480
11016229
11015540
11012938
11012932
11011580
11011524
11002864
11002863
11002677
11001269
10998855
10981541
10981540
10981539
10981538
10981537
10979116
10978928
10977542
10975104
10974692
10974689
10972758
10970006
10969445
10965870
10965869
10965857
10964209
10959124
10958048
10957854
10949901
10947887
10947656
10933288
10926046
10926045
10926035
10926021
10926020
10925737
10923000
10920159
10916470
10912327
10909306
10901335
10898557
10895531
10894062
10893125
10893116
10888453
10886639
10886638
10886636
10886633
10886470
10884970
10881342
10875514
10874374
10871032
10870631
10870617
10869931
10863345
10845473
10849451
10847289
10846578
10843375
10838796
10834721
10834652
10832944
10832221
10831149
10830553
10830552
10829102
10827468
10824774
10824417
10815340
10810491
10808664
10807282
10806924
10803308
10793517
10792690
10792686
10792685
10792682
10789392
10788107
10779064
10763307
10760127
10759983
10750918
10748792
10744242
10742360
10741246
10741244
10738448
10736892
10733724
10733701
10732426
10732510
10730166
10724323
10724316
10724315
10724313
10724311
10724945
10724938
10724929
10724321
10719514
10714445
10707177
10705699
10705662
10693859
10693851
10693842
10693841
10687304
10680404
10676097
10676092
10674622
10674295
10671720
10667885
10667882
10667880
10667874
10666792
10665302
10664924
10662075
10656072
10652063
10649607
10645090
10643248
10642233
10639834
10632256
10628021
10627973
10627247
10624370
10623402
10621987
10621796
10620851
10619013
10619003
10618728
10615532
10610626
10609239
10608320
10607280
10596053
10600428
10599189
10597660
10596330
10596041
10596040
10596039
10596038
10596037
10596036
10596035
10596034
10589597
10588528
10587820
10587690
10587683
10587678
10583816
10583795
10583794
10583793
10583792
10583771
10583763
10583761
10574172
10572765
10566106
10566435
10561947
10560017
10557866
10557857
10555904
10555239
10554723
10554563
10551192
10544329
10536627
10536626
10536625
10536624
10538352
10536759
10536639
10536633
10526833
10517071
10514952
10513433
10508816
10500394
10498090
10498088
10496096
10496094
10495744
10495741
10495740
10495725
10495365
10494212
10494158
10489637
10489636
10490257
10478694
10478693
10478692
10478690
10478688
10478687
10477019
10476021
10476017
10476014
10475050
10474751
10471220
10467189
10447850
10440564
10439603
10437328
10436709
10435242
10432920
10432150
10432243
10429595
10429591
10427650
10414830
10414818
10412142
10407706
10402808
10399504
10397479
10396415
10386091
10386293
10386089
10384556
10382833
10381955
10378624
10366373
10364934
10362954
10359350
10354339
10354338
10354337
10354332
10354253
10353284
10346305
10342188
10341828
10335276
10336773
10336771
10336770
10336760
10335729
10335275
10334164
10326854
10321068
10320889
10320121
10319104
10234885
10234560
10234346
10230987
10230986
10230979
10229286
10226455
10219861
10219223
10216441
10216326
10214845
10212766
10211301
10211295
10211278
10211277
10211274
10211262
10211253
10211250
10211248
10210360
10203628
10203459
10198975
10198710
10197101
10099642
10093251
10093249
10089040
10081891
10075132
10067398
10067397
10065081
10065057
10065055
10065054
10065053
10065052
10065051
10030199
10030178
10028750
10025224
10025107
9987362
9950170
9934314
9934311
9934307
9934302
9934292
9934290
9934289
9934288
9929261
9924687
9923032
9922950
9915335
9883777
9883203
9883201
9883197
9876407
9876406
9861505
9846049
9842546
9841567
9841607
9836126
9835475
9834696
9834695
9830185
9829063
9828583
9814095
9811295
9805021
9803062
9799938
9798813
9798549
9795619
9796096
9795633
9795626
9795625
9788049
9787841
9787290
9785169
9782586
9778990
9777109
9773286
9773285
9773528
9771229
9766977
9759120
9759118
9759117
9759115
9759114
9759113
9759112
9759111
9759107
9759096
9757752
9752629
9749488
9748839
9748838
9747554
9743801
9743797
9743793
9743775
9743770
9743762
9743038
9737032
9736991
9736848
9732080
9729993
9729992
9729988
9729184
9726493
9722000
9715921
9703312
9695457
9690886
9683132
9681302
9680829
9679913
9679464
9679463
9679462
9675823
9674721
9674304
9670135
9662926
9659019
9658239
9653412
9653405
9653404
9653401
9640036
9637627
9634431
9632954
9629409
9625213
9624521
9624406
9624402
9624395
9623464
9623253
9623163
9617651
9617646
9614798
9614728
9612591
9611702
9609863
9609965
9609860
9609859
9609855
9606889
9605035
9597633
9597532
9595601
9594968
9588956
9582536
9541754
9581440
9580913
9580722
9580717
9580716
9580713
9579415
9572340
9559194
9556979
9555160
9554423
9547129
9544185
9544184
9544181
9543807
9543805
9532437
9531832
9526451
9526479
9526455
9310535
9519187
9516886
9510628
9508153
9504033
9504030
9503756
9502371
9505073
9496160
9495293
9494804
9494661
9494341
9489289
9489288
9488863
9488860
9488859
9488857
9488855
9484189
9484186
9472374
9464753
9463980
9463643
9415449
9451570
9449600
9447202
9447201
9447199
9441576
9441034
9435724
9435714
9435711
9417148
9429170
9375711
9374962
9371894
9398769
9397653
9371045
9366776
9358349
9357234
9334546
9333406
9330944
9310751
9311316
9310753
9305686
9286836
9286834
9543780
9312872
9312864
9309894
9282140
9268881
9266123
9580483
9567384
9567382
9567381
9488843
9488839
9488838
9301159
9287564
9271295
9270187
9257510
9254950
9254949
9248149
9236478
9232406
9229273
9225888
9223703
9223701
9217536
10169552
10169348
9169897
9327598
9207170
9205826
9203257
9200578
9199635
9191734
9176430
9380139
9199000
9164408
9296885
9296884
9254478
9231139
9231132
9231131
9165289
9159577
9159575
9157789
9145057
9141173
9129405
9141991
9173381
9539849
9212684
9206641
9137948
9125947
9122848
9110157
9231113
9229539
9229538
9129391
9117923
9088442
9085100
9075426
9075425
9075424
9075423
9075420
9075419
9071880
9068580
10165808
9430943
9242015
9242010
9242005
9221212
9221201
9083592
9046665
9046664
9040825
9040246
9033420
9033567
11625152
11620052
10664743
10664740
9591459
9574245
9574238
9487616
9474330
9357714
9357677
9334472
9264963
9253449
9231128
9231127
9231126
9231125
9231124
9231117
9218367
9139760
9133117
9072152
9044205
9014405
9009541
9009018
9008592
9008586
9008585
9008571
9008570
10164569
10176828
10174546
10169252
10169251
10168949
10168948
11608840
11608837
9128402
9128401
9114889
9061598
8987232
8976361
8951331
8951330
8951328
8939306
9239903
9217911
9217902
9217901
9217900
9217517
9217515
9217510
9217509
9160009
9120652
9081742
8979675
8942534
8929466
8912610
8900383
8966423
10166139
9177651
9177645
9177642
9177638
9177636
8958358
8909963
8897219
8859114
8805733
8984314
10161817
8879708
8769551
8769550
8769548
8769545
9125992
9125986
9125984
9125983
9125980
8952645
8949479
8949477
8949475
8949472
8949468
8937065
8884251
8884249
8795549
8769656
9157738
9157736
9157731
9157728
9125973
9125967
9125966
9125964
9125959
8870480
8797336
8796210
8751597
8766623
9158344
9158339
8949539
8869089
8818615
8754241
8754240
8669734
9125926
9125914
8983254
8983251
8791066
8681577
8661202
8646653
8646316
8646315
8646314
10186912
9114863
9114860
9114859
9035502
8949558
8949556
8949548
8881127
8811600
8811591
8767758
8744387
8743872
8743867
8739007
8708811
8669971
8991359
8935429
8811263
8799033
8798949
8688579
8686342
8672619
8672618
8653031
8645396
8637254
8594270
8594269
8867191
8815498
8736247
8709184
8686564
8653446
8616284
8607934
8607931
8607920
8607918
8606139
8720819
9222579
9222576
8907142
8871459
8857223
8808552
8673521
8650966
8615939
8615937
8615934
8615926
8554228
11619394
11619123
11614110
9601768
9375037
9277093
9101964
9036686
8989632
8933712
8851189
8820232
8745852
8745849
8736186
8723548
8650592
8546762
8540970
8540967
8540960
8529186
10163753
10163344
8825827
8758230
8639343
8584629
8571636
7502110
7495453
7585369
10153533
8731257
8594411
8594404
8594401
8579659
8532101
7587270
7575954
7575953
7575951
7575932
7575928
7497396
8829584
8733323
8648049
8588774
8558546
8553216
8547911
8542493
7575917
7570737
7567320
7553502
7553466
7650825
7650823
7650822
7650821
7650819
11644740
8699970
8575902
8553920
8543258
8523358
8522079
7669159
7669153
7655586
7641153
7564961
8657960
7646746
7646743
7646740
7646738
7634199
7583475
7571738
7571734
7571733
7571732
7571728
7794093
8594396
8594393
7793740
7668817
7626161
7626160
7626159
7626158
7626157
7626156
7567730
7549246
7549245
7484261
7655761
8539533
7786373
7674284
7673681
7673677
7662080
7653297
7644391
7622960
7549589
7494100
7739079
10151523
7797432
7779334
7741669
7737526
7623719
7623718
7623716
7623709
7610687
7610223
7544742
7887555
7728041
10142823
7744627
7718069
7718063
7718062
7718060
7718007
7620061
7601673
7599583
7599582
10141467
7892922
7892844
7873010
7873008
7873005
7873004
7772393
7769468
7623704
7623696
7613596
7484249
7859198
11644698
7865060
7865040
7860321
7847446
7832342
7832137
7828100
7824250
11640463
11624812
11624789
11624760
11618950
11618945
11613249
9375139
9080349
8992276
8992275
8992272
8992271
8992270
8992261
8992257
8992253
8992250
8992249
8924395
8904481
8904480
8727462
8711388
8601095
8591408
8591390
8572750
8572749
8563334
7873028
7871796
7860958
7831106
7826464
7826463
7826462
7826461
7826456
7826445
7826444
7826438
7826437
7802582
7784166
7753610
7748910
7748591
7731005
7720946
7709359
7699816
7669537
7635864
7623692
7623690
7623688
7623682
7623681
7623679
7581317
7581316
7481463
7677821
7999197
7999179
7985724
7897776
7880568
7861084
7856157
7968736
7805097
7809876
7979943
7945695
7945692
7885600
7862014
7862009
7862008
7859956
7859953
7837320
7717106
7942957
7996719
7978663
7942932
7916809
7916804
7831168
7818392
7817550
7799820
7748637
7748636
10137567
7830668
8074778
8074775
8070179
7995708
7995707
7988804
7932461
7883662
7845261
7845257
7845253
7845251
7716377
8054103
7941532
7929884
7761728
7519860
8047185
8007080
8007077
10134421
8964327
8092746
8083068
8043246
8043245
8010926
7979145
7941504
7938774
7926359
7709309
7543504
11613378
8072423
8047678
8193891
8185102
8178212
8176136
8166918
8164944
8078848
8067163
8051905
8046766
8035718
8035717
8035716
8035714
8035713
8035710
10134760
8117001
8048362
8034909
8034468
8027000
8023482
8004014
7880226
8129501
17972830
8208186
8199512
8196814
8135984
8135981
8135968
8026661
8124150
8186060
8186059
8164241
8163073
8160464
8085076
7894121
8296281
17212011
11640826
11618923
11618917
8307436
8286008
8286006
8209582
8208174
8208163
8204459
8169161
8162362
8141977
8138388
8119649
8080825
8032179
8007726
7971239
7949942
7935239
7928011
7871789
7847451
7668434
7524869
7515775
7512415
10131575
12964555
8307810
8130904
8120685
8012740
8307800
8298224
8298222
8298220
8298218
8298214
8298213
8289102
8216660
8216645
8208158
8208152
8200700
8200699
8200698
8200697
8233175
8397614
8397599
8289171
8285120
8280006
8258536
8214843
8162080
8114255
10155478
8397637
8350448
8350444
8297252
8273328
8259529
8208150
8208141
8165415
8401901
8366961
10128830
8111511
8316106
8412879
8412871
8412870
8375604
8374588
8365927
8333438
8323649
8323636
8322087
8137178
8510895
8507322
8497541
8373649
8320576
8315592
8315591
8315582
8518610
8477387
8477386
8477379
8477376
8477374
8477366
8336580
11651531
8511249
8501675
10148604
8514535
8477210
8473169
8468429
8463738
8447905
8336565
10131562
8419819
8443623
8465550
8443715
8431255
8431249
8499026
8418344
8435579
11618934
11618933
11618930
11618925
8489906
8461489
8447896
8447888
8446554
8433662
8433658
8433656
8426387
8423122
8419556
8418599
8406403
8406402
8397728
8340205
8326851
8326850
8326846
8326843
8316506
8274367
8272398
8246713
8217478
8171195
8139408
8139406
8130583
8130579
8130577
7506051
10127454
1450347
1308078
1303427
1462328
1416560
1475699
1473707
1470040
1464522
1461168
1461167
1460571
1460570
1431770
1418250
1418249
1418248
1418247
1418246
1415075
1302571
1289310
1281261
1481306
1459874
1439435
1425522
1411825
1388531
1501333
1501328
1520418
1435382
1435380
1435379
1435372
1404282
1401869
1399473
1394751
1303634
1412267
1616219
1528487
1527244
1497775
1429064
1638253
1643397
1630331
1630327
1616567
1616562
1529091
1429053
1340602
1523660
1523659
1621169
1586118
1586117
15997533
1616417
1525315
10136840
10119161
1614353
1614352
1601702
1580704
1578211
1621299
1601693
1579868
1542174
1564592
1604358
1585134
1574203
1565031
1565029
1565027
1565026
1564508
1536491
1340010
10117908
1565800
1547000
1546999
1544533
1343441
1737189
10111519
11639552
11618532
1738564
1729996
1729995
1729989
1626457
1608325
1548548
1544527
1538964
1537015
1512718
1489266
1489265
1482934
1468998
1447021
1419576
1411246
1406131
1406126
1406124
1376854
1373418
1305316
1293458
1293453
1293452
1745162
1815429
1794675
1747186
9723090
1809494
1806248
1790056
1771058
1765866
1758329
1758325
1756417
1752758
1747170
11651181
1960685
1919452
1910406
1791114
1766329
1764018
1763175
1880869
1959724
1958044
1942112
1883456
1758320
1758318
1744761
1870222
1870221
1865523
1875808
1909129
1883434
1883430
1856433
1804089
1744010
1676480
2059271
2059264
2049980
1890963
1668539
1918908
2069650
2069649
2039111
1845313
2016834
2025366
2021328
1862609
1857272
1757751
11642915
11642908
2047312
2020042
2012658
2012655
2012644
1914980
2008301
2023560
2023558
2023556
2023555
1998902
1997026
1959763
1992193
1990195
2026016
1997996
1993112
1993104
1993102
1993093
1993092
1748848
1807738
2064930
2024143
2023596
1997832
1997829
1997825
1996230
1985682
1985675
1985667
1984733
1931595
1931594
1931590
1898571
1876904
1865798
1855669
1833339
1824153
1805104
1805100
1788528
1788527
1777037
1776097
1776039
1767286
1749350
1749348
1749345
1745111
1725205
1717761
1663242
1663231
1660372
10108080
2264196
1702232
2290111
2282231
2273079
2266182
2252512
2252511
2246639
2240902
10108580
2224677
2232000
2233477
2266889
2260303
2250267
2241437
2178065
2102105
2102102
2102089
2089859
2076303
2222098
2212973
2099428
2090452
2077063
2400472
2394433
2393016
2382747
2260838
2260837
2260836
2243917
2231050
2215301
2205217
2374284
2374282
2383336
2379374
2217031
2199117
2370037
2208213
2395423
2384204
2376980
2359301
2242200
2135832
2348528
10107092
2285745
2203867
2364230
2355872
2355871
2355865
2354965
2337430
2334277
2233112
2186739
2334510
2334508
2334501
2332357
2328366
2317704
2131985
2131940
2321229
10304121
2365989
2346995
2334389
2333709
2323497
2310272
2135365
2302627
2406001
2307439
2305303
2303921
2302304
2302303
2302298
2301798
10145212
10103927
11650882
11642839
11642838
2406398
2404056
2400669
2383417
2383410
2383407
2382582
2351190
2340189
2333777
2331755
2325553
2311400
2304097
2303933
2303932
2303930
2300008
2300006
2299997
2299427
2294927
2294924
2291784
2256380
2246227
2233188
2233177
2130903
2122154
2095453
2079897
2079887
1693931
1688462
10106280
10170547
10104763
2642189
2634394
2633452
2618049
2614580
2590351
2589703
2519385
2593892
10296861
2803434
2803432
2695788
2695787
2695783
2695775
2687650
2626669
2622385
2622371
2622370
2622368
2612802
2593884
2593879
2482927
2482926
2815786
2815782
2814107
2593959
2801620
2789619
2789614
2789611
2697739
10303884
2812563
2804866
2796803
2796799
2764335
2608969
2603157
2603155
2527506
2482057
2761046
2761044
2751777
2683428
2674574
2504381
2770578
2770576
2770575
2770574
2755615
2733930
2733928
2600360
2600353
2766339
2729699
2519423
2518929
2775083
2744292
2725362
2725361
2725360
2725359
2713033
2713027
2713026
2713024
2713022
2713021
2713020
2713001
2712999
2654326
2560001
2496699
2724868
2924475
2923643
2743914
2722454
2720219
2712161
2692179
2660418
2647092
2594599
2495778
2756503
2756500
2756499
2756498
2747150
2731336
2727462
2703752
2469784
10288481
2710552
2927341
2927337
2914063
2914061
2909268
2814649
2813056
2747485
2747483
2747482
2747481
2728079
2652895
2641344
2623454
2583770
2583766
2577538
2529673
3200266
10296965
10296964
10295624
10291910
10302255
3221366
3199417
10302931
3184150
2976117
3203237
3172157
10290062
3205195
3205191
3060705
3404611
3404609
3406875
3398201
3395040
3385752
3382296
3260446
3173164
3173160
3173152
3173151
3049918
3392354
3377613
3373577
3373500
3291107
3382840
3361591
3361590
3361587
3361585
3357179
3396807
3383948
3374415
3348249
3343726
3339804
3343902
3241307
3395488
3395487
3375392
3357443
3342965
3337485
3336039
3282154
3252872
3252835
3218880
3218878
3218850
3218846
3206243
3202708
3196179
3168890
3165559
3165218
10294443
10294441
10292619
10292618
10291883
10290147
10290146
3692039
3688682
3688279
3440737
3318611
3657660
3656382
3625933
3692784
3683240
3683237
3669043
3655959
3632439
3631402
3625745
3625735
3321724
3613031
3613029
3674222
3659213
3656025
3626900
3605403
3599054
3610625
3599039
3599035
3592872
3324090
3301188
3596113
3574684
3573017
3572322
3565972
11649826
3688816
3688797
3570812
3560175
3821225
3815212
3577132
3103773
3574211
10281262
10301036
10280325
3105633
3821596
3679677
3622358
3593008
3576467
3550825
3540301
3295084
10281913
3811355
3783641
3783640
3783637
3579727
3544511
3799110
3796330
3778118
3538682
10279635
3771153
3761348
3761345
2431140
3755772
3747074
3771160
3770475
3750001
3746864
3746850
3531777
3453191
3740146
3735369
2873447
3747886
3743317
3728536
3723569
3723565
3453183
3712410
3087806
3726016
3724574
3724571
3708453
3706911
3582827
3523173
3959619
3754118
3738474
3959934
3959928
3950947
3082308
10300575
10274616
3948101
3946952
3946367
3948644
3941418
3830032
3830028
3810201
3778232
3753639
3743497
3743495
3743490
3544612
3534167
3455107
3455096
3331579
2942484
4081932
4096062
10313831
10275690
10275687
3867012
4085702
4084173
4075856
4062334
4057487
4069020
3870791
3864061
10311471
4088017
4063943
4053981
4052128
4032658
10301543
4058336
4043605
4032445
4032443
4031797
4025462
3904240
4021860
4021855
4021852
4021851
4015358
4009668
3870910
10281820
10272498
4014273
3921836
4030260
4010566
3989846
3989845
3985516
3870777
10300049
3988947
10271188
3982316
3982311
3982309
3973338
2994432
3980969
3970045
3964897
4090847
4035418
4029062
3969022
3965720
3965719
3913583
3837167
3831641
6502907
6523557
6520679
6519897
6511374
6503747
6503746
6486601
6441002
6395721
6495089
6382612
6481775
6481322
10310827
10269874
10269873
10269074
6503990
6503291
6492178
6472139
6471080
10267970
6748033
6748032
6748031
6748028
6738401
6738396
6738395
6737448
10267924
6729635
6726768
6610470
6740488
6717305
6716427
6470586
6729419
6739258
6708069
6708067
6697276
10266727
6701625
6700446
6697888
10265748
6363728
6704885
6694197
6141296
6690815
6690767
6745161
6690893
6690693
6515428
6499597
6474229
6422495
6422494
6394275
6394274
6237060
10265362
6668583
6644255
6638237
6653578
6637870
6633312
6631924
6631922
6620340
6620337
6194299
6358815
6612539
6887215
6887211
6621436
6621428
6615176
6614219
6876333
6191052
6885379
6885376
6885375
6876122
6876121
6359737
6877108
6877107
6877105
6864743
6863796
6353785
6348491
6854869
6887146
6859657
6846627
6351442
6193104
6573610
6865810
6854597
6854595
6868584
6834408
6834407
6833967
10315538
10265924
6843396
6843394
6843393
6834405
6829995
6337278
10310322
6571538
6822983
6822705
6342282
6837015
6832870
6823223
6823222
6670008
6658489
6635595
6619532
6342280
7176983
7176981
7131506
7131504
6752412
7120333
6750128
10261908
10257162
7123334
7121101
7108928
6215557
7130602
7097732
6751147
7121091
7086865
7086374
6753721
10298652
9417600
7077639
7077637
7077634
7077631
7077765
7099055
7099051
7069761
7069758
7071642
7065566
7065297
7062324
6896008
7057858
7070313
7070311
7066743
6802975
6800476
7078282
7053465
7185854
7089598
7055470
7310353
7310352
7304791
7033915
6797549
7329366
7301244
7286929
7277669
7277435
7276845
7266392
7253162
10252782
10252779
7242634
7265143
7265142
7258220
7253990
7241555
7252992
7219446
7235911
7218308
7291973
7240440
7205169
7463623
7471001
7260815
7207275
7013302
7463459
7463444
7463442
6161981
7452832
7464589
7349786
7345924
7333726
7313002
7292243
7274147
7274146
7229367
7021658
6778906
6161574
7453448
7452714
7206549
7203780
7420722
10249025
10249024
7442581
7442579
7441673
7441670
7207344
6162840
7453268
7420389
7412404
6105570
7411764
7441692
7432214
7015839
6999924
7260758
7392153
7401148
7382055
7412633
7411559
7406934
7399886
7396680
7404078
7390148
7381905
7381903
7381901
7381900
7381899
7381898
7412640
7405276
7405274
7382874
7382870
7382869
7367139
6996342
7376024
7359716
7385846
7365772
7367998
7366498
7359540
7354291
7356210
7355182
7352123
6986748
7458200
7449706
7449704
7398573
7366494
7361265
7208610
6986346
10249189
10244953
531561
521768
517892
513211
513094
394114
505221
10247650
505081
496323
481528
10244315
384245
542046
491783
490596
490593
486820
497761
470065
10244310
522686
522684
499794
475176
451620
469909
464701
464135
458090
380379
463050
582235
514116
483804
470646
470644
451696
448699
448695
448693
448301
443461
381660
86618
10242195
468214
439122
428971
374736
432680
430532
762791
762767
429273
423224
423220
762829
759870
10240197
758580
759553
549955
492723
482564
467304
456306
456305
420438
375372
732612
712785
113744
83528
692578
10243784
736859
691027
690586
687409
357713
10237810
10237809
682153
681900
681899
671499
671496
290330
10237935
664657
655285
642155
276703
672736
647589
351179
641960
641959
641958
26263
640639
636416
626221
653498
757380
699861
667405
648454
632574
299607
10305370
926151
915922
610055
913904
909323
903948
894857
886587
70573
886570
339891
882030
874988
328093
328092
895609
874437
871010
871007
864663
860201
861651
895585
864412
864411
850257
850253
325337
856936
853279
405002
576481
870691
857129
853965
839511
320698
847589
838280
833831
320677
846410
401758
899287
834083
617629
617628
606135
606132
606131
606126
606092
606065
606064
366783
330144
200390
1072282
1003134
62066
985050
984621
983025
1008737
978147
972373
989114
1069937
987652
979714
979711
957386
948616
942013
985991
958022
933133
933130
946867
1271439
1270713
792383
1083434
944271
946781
768890
55732
1256109
1250805
1249835
54648
1271480
1269457
1269454
1263891
1263887
1250635
1246514
1246513
1016292
1004719
970363
939621
939188
939187
1186823
1203207
1203204
1203199
1242876
1200816
1190563
1102688
810898
1060936
1099207
54403
1196197
1162425
1237242
1165984
1152006
1152005
1173422
1142575
1138597
1133827
235094
1130889
1167254
1142389
1142387
1142384
1127391
1118586
1113558
1113279
1120121
1149685
1109418
1109417
4434295
4140282
4140281
4704095
4704094
5486541
5496241
5429133
5436370
5470143
5797787
5681505
6046041
6020552
6020550
6020549
6079985
6020349
6020346
5908724
5908721
5908423
5907585
5832700
14280324
14278031
14278021
14278018
14288146
13984082
13983591
13983403
13973393
13966028
